Address,old Price,Price v1,Price,Studio,Studio Price,1 Bed,1 Bed Price old,1 Bed Price,2 Bed ,2 Bed Price,Details,details w/o studio,details trim,,sqft,Links
"1516 W 78th Street, 1516 W 78th St #3B, Chicago, IL 60620","$1,180/mo","$1,180","$1,180",,,,,,2 Bed,"$1,180","2 bds 1 ba 1,001 sqft","2 bds 1 ba 1,001 sqft","2 bds 1 ba 1,001 sqft","1,001 sq","1,001",https://www.zillow.com/apartments/chicago-il/1516-w-78th-street/9RzfVm/
"5427-29 S. University Ave., 5427-29 S University Ave #5427-A3, Chicago, IL 60615","$2,150/mo","$2,150","$2,150",,,,,,2 Bed,"$2,150",2 bds 1 ba-- sqft,2 bds 1 ba-- sqft,2 bds 1 ba-- sqft, ba-- sq,,https://www.zillow.com/apartments/chicago-il/5427.dash.29-s.-university-ave./BWJMCH/
"540 N State St, Chicago, IL","$2,243+ Studio","$2,243","$2,243",Studio,"$2,243",1 Bed,"$2,503","$2,503",2 Bed,"$2,600","$2,503+ 1 bd$2,600+ 2 bds","$2,503+ 1 bd$2,600+ 2 bds","$2,503+ 1 bd$2,600+ 2 bds",#VALUE!,,https://www.zillow.com/apartments/chicago-il/grand-plaza/5Xgyyd/
"6720 N. Sheridan, 6720 N Sheridan Rd, Chicago, IL 60626","$5,000+/mo","$5,000","$5,000",Studio,"$5,000",,,,,,Studio 1 ba-- sqft, 1 ba-- sqft,1 ba-- sqft, ba-- sq,,https://www.zillow.com/apartments/chicago-il/6720-n.-sheridan/Brx7/
"Optima Lakeview | 3478 N Broadway St, Chicago, IL","$2,775+ 1 bd","$2,775","$2,775",,,1 Bed,"$2,775","$2,775",2 Bed,"$4,500","$4,500+ 2 bds$5,800+ 3 bds","$4,500+ 2 bds$5,800+ 3 bds","$4,500+ 2 bds$5,800+ 3 bds",#VALUE!,,https://www.zillow.com/apartments/chicago-il/optima-lakeview/BMfHjs/
"2104-24 W. Farragut Ave., 2104 W Farragut Ave #2116-A1, Chicago, IL 60625","$1,295/mo","$1,295","$1,295",,,1 Bed,"$1,295","$1,295",,,1 bd 1 ba 571 sqft,1 bd 1 ba 571 sqft,1 bd 1 ba 571 sqft,a 571 sq,571,https://www.zillow.com/apartments/chicago-il/2104.dash.24-w.-farragut-ave./5Xh4FR/
"1101 W. Columbia, 1101 W Columbia Ave, Chicago, IL 60626","$5,000+/mo","$5,000","$5,000",Studio,"$5,000",,,,,,Studio 1 ba-- sqft, 1 ba-- sqft,1 ba-- sqft, ba-- sq,,https://www.zillow.com/apartments/chicago-il/1101-w.-columbia/5XdnMR/
"Trailhead | 1744 N Western Ave, Chicago, IL","$2,397+ 1 bd","$2,397","$2,397",,,1 Bed,"$2,397","$2,397",,,,,,#VALUE!,,https://www.zillow.com/apartments/chicago-il/trailhead/9S5L4t/
"Foundry | 1475 N Kingsbury St, Chicago, IL","$2,279+ Studio","$2,279","$2,279",Studio,"$2,279",1 Bed,"$2,499","$2,499",2 Bed,"$3,995","$2,499+ 1 bd$3,995+ 2 bds","$2,499+ 1 bd$3,995+ 2 bds","$2,499+ 1 bd$3,995+ 2 bds",#VALUE!,,https://www.zillow.com/apartments/chicago-il/foundry/C76jxC/
"1837 W. Patterson, 1837 W Patterson Ave, Chicago, IL 60613","$5,000+/mo","$5,000","$5,000",Studio,"$5,000",,,,,,Studio 1 ba-- sqft, 1 ba-- sqft,1 ba-- sqft, ba-- sq,,https://www.zillow.com/apartments/chicago-il/1837-w.-patterson/5XcfXr/
"1647 N. Milwaukee, 1647 N Milwaukee Ave #205, Chicago, IL 60647","$2,650/mo","$2,650","$2,650",,,1 Bed,"$2,650","$2,650",,,1 bd 1 ba 761 sqft,1 bd 1 ba 761 sqft,1 bd 1 ba 761 sqft,a 761 sq,761,https://www.zillow.com/apartments/chicago-il/1647-n.-milwaukee/BgtT/
"Linkt Apartments | 830 N Milwaukee Ave, Chicago, IL","$2,196+ 1 bd","$2,196","$2,196",,,1 Bed,"$2,196","$2,196",2 Bed,"$2,825","$2,825+ 2 bds","$2,825+ 2 bds","$2,825+ 2 bds",#VALUE!,,https://www.zillow.com/apartments/chicago-il/linkt-apartments/9S4np6/
"State & Chestnut | 845 N State St, Chicago, IL","$2,265+ Studio","$2,265","$2,265",Studio,"$2,265",1 Bed,"$2,571","$2,571",2 Bed,"$4,385","$2,571+ 1 bd$4,385+ 2 bds","$2,571+ 1 bd$4,385+ 2 bds","$2,571+ 1 bd$4,385+ 2 bds",#VALUE!,,https://www.zillow.com/apartments/chicago-il/state-%26-chestnut/Cfnb/
"ELEVEN THIRTY | 1130 S Michigan Ave, Chicago, IL","$1,509+ Studio","$1,509","$1,509",Studio,"$1,509",1 Bed,"$1,879","$1,879",2 Bed,"$2,966","$1,879+ 1 bd$2,966+ 2 bds","$1,879+ 1 bd$2,966+ 2 bds","$1,879+ 1 bd$2,966+ 2 bds",#VALUE!,,https://www.zillow.com/apartments/chicago-il/eleven-thirty/5XhRHz/
"Nevele 22 | 1122 W Chicago Ave, Chicago, IL","$1,900+ Studio","$1,900","$1,900",Studio,"$1,900",1 Bed,"$2,270","$2,270",2 Bed,"$3,225","$2,270+ 1 bd$3,225+ 2 bds$4,290+ 3 bds","$2,270+ 1 bd$3,225+ 2 bds$4,290+ 3 bds","$2,270+ 1 bd$3,225+ 2 bds$4,290+ 3 bds",#VALUE!,,https://www.zillow.com/apartments/chicago-il/nevele-22/9hjv2P/
"4423 North Sheridan Road | 4423 N Sheridan Rd, Chicago, IL","$1,050+ Studio","$1,050","$1,050",Studio,"$1,050",,,,,,,,,#VALUE!,,https://www.zillow.com/apartments/chicago-il/4423-north-sheridan-road/5XjMmj/
"Anderson Point | 5700 N Ashland Ave, Chicago, IL","$1,850+ 1 bd","$1,850","$1,850",,,1 Bed,"$1,850","$1,850",2 Bed,"$2,550","$2,550+ 2 bds","$2,550+ 2 bds","$2,550+ 2 bds",#VALUE!,,https://www.zillow.com/apartments/chicago-il/anderson-point/CPx9/
"2555 N Clark St | 2555 N Clark St, Chicago, IL","$2,216+ 1 bd","$2,216","$2,216",,,1 Bed,"$2,216","$2,216",,,,,,#VALUE!,,https://www.zillow.com/apartments/chicago-il/2555-n-clark-st/5XdJVC/
"5630 North Sheridan | 5630 N Sheridan Rd, Chicago, IL","$1,150+ Studio","$1,150","$1,150",Studio,"$1,150",1 Bed,"$1,345","$1,345",,,"$1,345+ 1 bd","$1,345+ 1 bd","$1,345+ 1 bd",#VALUE!,,https://www.zillow.com/apartments/chicago-il/5630-north-sheridan/5XfZrw/
"FPS Management, 6011 N Winthrop Ave #2D-6031, Chicago, IL 60660","$1,000/mo","$1,000","$1,000",Studio,"$1,000",,,,,,Studio 1 ba-- sqft, 1 ba-- sqft,1 ba-- sqft, ba-- sq,,https://www.zillow.com/apartments/chicago-il/fps-management/D2KQ/
"55 W Chestnut | 55 W Chestnut St, Chicago, IL","$1,829+ 1 bd","$1,829","$1,829",,,1 Bed,"$1,829","$1,829",,,,,,#VALUE!,,https://www.zillow.com/apartments/chicago-il/55-w-chestnut/5Xf7Hd/
"330 S. Wells St | 330 S Wells St, Chicago, IL","$1,960+ Studio","$1,960","$1,960",Studio,"$1,960",1 Bed,"$1,932","$1,932",,,"$1,932+ 1 bd","$1,932+ 1 bd","$1,932+ 1 bd",#VALUE!,,https://www.zillow.com/apartments/chicago-il/330-s.-wells-st/9Rx2hT/
"The Thompson at Fulton Market | 150 N Ashland Ave, Chicago, IL","$2,155+ Studio","$2,155","$2,155",Studio,"$2,155",1 Bed,"$2,375","$2,375",2 Bed,"$3,795","$2,375+ 1 bd$3,795+ 2 bds$5,100+ 3 bds","$2,375+ 1 bd$3,795+ 2 bds$5,100+ 3 bds","$2,375+ 1 bd$3,795+ 2 bds$5,100+ 3 bds",#VALUE!,,https://www.zillow.com/apartments/chicago-il/the-thompson-at-fulton-market/CHkQ9H/
"Optima Signature | 220 E Illinois St, Chicago, IL","$2,270+ Studio","$2,270","$2,270",Studio,"$2,270",1 Bed,"$2,816","$2,816",2 Bed,"$4,104","$2,816+ 1 bd$4,104+ 2 bds$6,314+ 3 bds","$2,816+ 1 bd$4,104+ 2 bds$6,314+ 3 bds","$2,816+ 1 bd$4,104+ 2 bds$6,314+ 3 bds",#VALUE!,,https://www.zillow.com/apartments/chicago-il/optima-signature/65bFNB/
"3130 N Lake Shore Dr | 3130 N Lake Shore Dr, Chicago, IL","$1,615+ Studio","$1,615","$1,615",Studio,"$1,615",1 Bed,"$1,949","$1,949",2 Bed,"$2,833","$1,949+ 1 bd$2,833+ 2 bds","$1,949+ 1 bd$2,833+ 2 bds","$1,949+ 1 bd$2,833+ 2 bds",#VALUE!,,https://www.zillow.com/apartments/chicago-il/3130-n-lake-shore-dr/F86Z/
"Coeval | 51 E 14th St, Chicago, IL","$1,940+ Studio","$1,940","$1,940",Studio,"$1,940",1 Bed,"$2,105","$2,105",2 Bed,"$4,630","$2,105+ 1 bd$4,630+ 2 bds","$2,105+ 1 bd$4,630+ 2 bds","$2,105+ 1 bd$4,630+ 2 bds",#VALUE!,,https://www.zillow.com/apartments/chicago-il/coeval/9r2tm7/
"Coeval | 51 E 14th Pl, Chicago, IL","$1,970+ Studio","$1,970","$1,970",Studio,"$1,970",1 Bed,"$2,365","$2,365",2 Bed,"$3,420","$2,365+ 1 bd$3,420+ 2 bds","$2,365+ 1 bd$3,420+ 2 bds","$2,365+ 1 bd$3,420+ 2 bds",#VALUE!,,https://www.zillow.com/b/coeval-chicago-il-9RwwJd/
"7250 N. Western Ave. Apartments | 7250 N Western Ave, Chicago, IL","$1,450+ 1 bd","$1,450","$1,450",,,1 Bed,"$1,450","$1,450",2 Bed,"$1,850","$1,850+ 2 bds","$1,850+ 2 bds","$1,850+ 2 bds",#VALUE!,,https://www.zillow.com/apartments/chicago-il/7250-n.-western-ave.-apartments/5XhR5P/
"2970 N Sheridan | 2970 N Sheridan Rd, Chicago, IL","$1,128+ Studio","$1,128","$1,128",Studio,"$1,128",,,,,,,,,#VALUE!,,https://www.zillow.com/apartments/chicago-il/2970-n-sheridan/5Xdjyg/
"515 W Barry | 515 W Barry Ave, Chicago, IL","$1,339+ Studio","$1,339","$1,339",Studio,"$1,339",1 Bed,"$1,572","$1,572",,,"$1,572+ 1 bd","$1,572+ 1 bd","$1,572+ 1 bd",#VALUE!,,https://www.zillow.com/apartments/chicago-il/515-w-barry/5XhfBW/
"Arcade Residences | 1135 W Sheridan Rd, Chicago, IL","$1,881+ 1 bd","$1,881","$1,881",,,1 Bed,"$1,881","$1,881",2 Bed,"$2,599","$2,599+ 2 bds$3,243+ 3 bds","$2,599+ 2 bds$3,243+ 3 bds","$2,599+ 2 bds$3,243+ 3 bds",#VALUE!,,https://www.zillow.com/apartments/chicago-il/arcade-residences/9S6kZ2/
"City Club Apartments MDA | 63 E Lake St, Chicago, IL","$1,525+ Studio","$1,525","$1,525",Studio,"$1,525",1 Bed,"$1,845","$1,845",2 Bed,"$2,575","$1,845+ 1 bd$2,575+ 2 bds","$1,845+ 1 bd$2,575+ 2 bds","$1,845+ 1 bd$2,575+ 2 bds",#VALUE!,,https://www.zillow.com/apartments/chicago-il/city-club-apartments-mda/5XgBW6/
"Cornelia & Stratford | 535 W Cornelia Ave, Chicago, IL","$1,256+ Studio","$1,256","$1,256",Studio,"$1,256",,,,,,"$4,290+ 3 bds","$4,290+ 3 bds","$4,290+ 3 bds",#VALUE!,,https://www.zillow.com/apartments/chicago-il/cornelia-%26-stratford/Cr4s/
"Maeve on Ashland | 133 S Ashland Ave, Chicago, IL","$2,275+ 1 bd","$2,275","$2,275",,,1 Bed,"$2,275","$2,275",2 Bed,"$2,995","$2,995+ 2 bds","$2,995+ 2 bds","$2,995+ 2 bds",#VALUE!,,https://www.zillow.com/apartments/chicago-il/maeve-on-ashland/9Rx5kx/
"The Gallery on Wells | 637 N Wells St, Chicago, IL","$2,012+ Studio","$2,012","$2,012",Studio,"$2,012",1 Bed,"$2,372","$2,372",2 Bed,"$2,961","$2,372+ 1 bd$2,961+ 2 bds$7,293+ 3 bds","$2,372+ 1 bd$2,961+ 2 bds$7,293+ 3 bds","$2,372+ 1 bd$2,961+ 2 bds$7,293+ 3 bds",#VALUE!,,https://www.zillow.com/apartments/chicago-il/the-gallery-on-wells/B6hqMJ/
"5252 | 5252 S Cornell Ave, Chicago, IL","$2,895+ Studio","$2,895","$2,895",Studio,"$2,895",1 Bed,"$2,600","$2,600",2 Bed,"$3,700","$2,600+ 1 bd$3,700+ 2 bds","$2,600+ 1 bd$3,700+ 2 bds","$2,600+ 1 bd$3,700+ 2 bds",#VALUE!,,https://www.zillow.com/apartments/chicago-il/5252/BNLHmR/
"6454 N NW Highway, 6454 N Northwest Hwy, Chicago, IL 60631","$4,995+/mo","$4,995","$4,995",,,1 Bed,"$4,995","$4,995",,,1 bd 1 ba-- sqft,1 bd 1 ba-- sqft,1 bd 1 ba-- sqft, ba-- sq,,https://www.zillow.com/apartments/chicago-il/6454-n-nw-highway/5fvqfd/
"727 West Madison | 727 W Madison St, Chicago, IL","$2,120+ Studio","$2,120","$2,120",Studio,"$2,120",1 Bed,"$2,790","$2,790",2 Bed,"$4,075","$2,790+ 1 bd$4,075+ 2 bds$6,445+ 3 bds","$2,790+ 1 bd$4,075+ 2 bds$6,445+ 3 bds","$2,790+ 1 bd$4,075+ 2 bds$6,445+ 3 bds",#VALUE!,,https://www.zillow.com/apartments/chicago-il/727-west-madison/BCgw9T/
"Monroe Laflin Place | 104 S Laflin St, Chicago, IL","$3,178+ 2 bds","$3,178","$3,178",,,,,,2 Bed,"$3,178","$3,829+ 3 bds","$3,829+ 3 bds","$3,829+ 3 bds",#VALUE!,,https://www.zillow.com/apartments/chicago-il/monroe-laflin-place/Bw6GS5/
"Portrait | 948 W Sunnyside Ave, Chicago, IL","$1,642+ Studio","$1,642","$1,642",Studio,"$1,642",,,,2 Bed,"$3,156","$3,156+ 2 bds","$3,156+ 2 bds","$3,156+ 2 bds",#VALUE!,,https://www.zillow.com/apartments/chicago-il/portrait/CJbtLN/
"Monroe Aberdeen Place | 1050 W Monroe St, Chicago, IL","$3,328+ 2 bds","$3,328","$3,328",,,,,,2 Bed,"$3,328","$4,399+ 3 bds","$4,399+ 3 bds","$4,399+ 3 bds",#VALUE!,,https://www.zillow.com/apartments/chicago-il/monroe-aberdeen-place/BG8kTP/
"1261 W Argyle, 1261 W Argyle St, Chicago, IL 60640","$1,579+/mo","$1,579","$1,579",,,1 Bed,"$1,579","$1,579",,,1 bd 1 ba-- sqft,1 bd 1 ba-- sqft,1 bd 1 ba-- sqft, ba-- sq,,https://www.zillow.com/homedetails/1261-W-Argyle-St-80A050EEB-Chicago-IL-60640/2055055065_zpid/
"The Lofts at Gin Alley | 120 N Green St, Chicago, IL","$2,399+ Studio","$2,399","$2,399",Studio,"$2,399",1 Bed,"$2,700","$2,700",2 Bed,"$3,806","$2,700+ 1 bd$3,806+ 2 bds","$2,700+ 1 bd$3,806+ 2 bds","$2,700+ 1 bd$3,806+ 2 bds",#VALUE!,,https://www.zillow.com/apartments/chicago-il/the-lofts-at-gin-alley/DMyz/
"Hubbard 221 | 221 W Hubbard St, Chicago, IL","$1,919+ Studio","$1,919","$1,919",Studio,"$1,919",1 Bed,"$2,520","$2,520",2 Bed,"$3,478","$2,520+ 1 bd$3,478+ 2 bds","$2,520+ 1 bd$3,478+ 2 bds","$2,520+ 1 bd$3,478+ 2 bds",#VALUE!,,https://www.zillow.com/apartments/chicago-il/hubbard-221/9r3Qrd/
"455 West Wellington | 455 W Wellington Ave, Chicago, IL","$1,383+ Studio","$1,383","$1,383",Studio,"$1,383",1 Bed,"$1,687","$1,687",,,"$1,687+ 1 bd","$1,687+ 1 bd","$1,687+ 1 bd",#VALUE!,,https://www.zillow.com/apartments/chicago-il/455-west-wellington/5XhYKC/
"River North Park Apartments and Townhomes | 320 W Illinois St, Chicago, IL","$1,695+ Studio","$1,695","$1,695",Studio,"$1,695",1 Bed,"$2,105","$2,105",2 Bed,"$2,835","$2,105+ 1 bd$2,835+ 2 bds","$2,105+ 1 bd$2,835+ 2 bds","$2,105+ 1 bd$2,835+ 2 bds",#VALUE!,,https://www.zillow.com/apartments/chicago-il/river-north-park-apartments-and-townhomes/5XjBK4/
"517 W. Oakdale, 517 W Oakdale Ave, Chicago, IL 60657","$5,000+/mo","$5,000","$5,000",Studio,"$5,000",,,,,,Studio 1 ba-- sqft, 1 ba-- sqft,1 ba-- sqft, ba-- sq,,https://www.zillow.com/apartments/chicago-il/517-w.-oakdale/5XctKq/
"1100 North Dearborn | 1100 N Dearborn St, Chicago, IL","$1,630+ Studio","$1,630","$1,630",Studio,"$1,630",1 Bed,"$1,950","$1,950",,,"$1,950+ 1 bd","$1,950+ 1 bd","$1,950+ 1 bd",#VALUE!,,https://www.zillow.com/apartments/chicago-il/1100-north-dearborn/5XgyD4/
"The Shelby | 2300 S Michigan Ave, Chicago, IL","$2,012+ 1 bd","$2,012","$2,012",,,1 Bed,"$2,012","$2,012",,,,,,#VALUE!,,https://www.zillow.com/apartments/chicago-il/the-shelby/5XkX2x/
"Old Franklin Building, 525 S Dearborn St APT 302, Chicago, IL 60605","$1,595/mo","$1,595","$1,595",Studio,"$1,595",,,,,,Studio 1 ba 550 sqft, 1 ba 550 sqft,1 ba 550 sqft,a 550 sq,550,https://www.zillow.com/apartments/chicago-il/old-franklin-building/5jQZTS/
"Arkadia West Loop | 765 W Adams St, Chicago, IL","$1,846+ Studio","$1,846","$1,846",Studio,"$1,846",1 Bed,"$2,080","$2,080",2 Bed,"$3,235","$2,080+ 1 bd$3,235+ 2 bds$7,000+ 3 bds","$2,080+ 1 bd$3,235+ 2 bds$7,000+ 3 bds","$2,080+ 1 bd$3,235+ 2 bds$7,000+ 3 bds",#VALUE!,,https://www.zillow.com/apartments/chicago-il/arkadia-west-loop/BLV4/
"Cortland Flats | 3043 W Cortland St, Chicago, IL","$2,300+ 2 bds","$2,300","$2,300",,,,,,2 Bed,"$2,300","$2,895+ 3 bds","$2,895+ 3 bds","$2,895+ 3 bds",#VALUE!,,https://www.zillow.com/apartments/chicago-il/cortland-flats/9y2Z/
"Flair Tower | 222 W Erie St, Chicago, IL","$2,065+ 1 bd","$2,065","$2,065",,,1 Bed,"$2,065","$2,065",2 Bed,"$3,430","$3,430+ 2 bds$5,290+ 3 bds","$3,430+ 2 bds$5,290+ 3 bds","$3,430+ 2 bds$5,290+ 3 bds",#VALUE!,,https://www.zillow.com/apartments/chicago-il/flair-tower/5XjBzC/
"Hyde Park Tower, 5140 S Hyde Park Blvd APT 21A, Chicago, IL 60615","$3,268/mo","$3,268","$3,268",,,,,,,,"3 bds 2 ba 1,178 sqft","3 bds 2 ba 1,178 sqft","3 bds 2 ba 1,178 sqft","1,178 sq","1,178",https://www.zillow.com/apartments/chicago-il/hyde-park-tower/5XjN4t/
"The Wilson Club, 1124 W Wilson Ave, Chicago, IL 60640","$1,275+/mo","$1,275","$1,275",Studio,"$1,275",,,,,,Studio 1 ba-- sqft, 1 ba-- sqft,1 ba-- sqft, ba-- sq,,https://www.zillow.com/apartments/chicago-il/the-wilson-club/9S4PCX/
"6200 North Hoyne Ave | 6200 N Hoyne Ave, Chicago, IL","$1,050+ Studio","$1,050","$1,050",Studio,"$1,050",1 Bed,"$1,350","$1,350",2 Bed,"$1,550","$1,350+ 1 bd$1,550+ 2 bds$1,900+ 3 bds","$1,350+ 1 bd$1,550+ 2 bds$1,900+ 3 bds","$1,350+ 1 bd$1,550+ 2 bds$1,900+ 3 bds",#VALUE!,,https://www.zillow.com/apartments/chicago-il/6200-north-hoyne-ave/5Xf9R9/
"Winthrop Suites Apartments, 5633 N Winthrop Ave APT 405, Chicago, IL 60660","$1,295/mo","$1,295","$1,295",,,1 Bed,"$1,295","$1,295",,,1 bd 1 ba 650 sqft,1 bd 1 ba 650 sqft,1 bd 1 ba 650 sqft,a 650 sq,650,https://www.zillow.com/apartments/chicago-il/winthrop-suites-apartments/5XfXhV/
"The Blackwood | 5200 S Blackstone Ave, Chicago, IL","$1,545+ 1 bd","$1,545","$1,545",,,1 Bed,"$1,545","$1,545",2 Bed,"$1,750","$1,750+ 2 bds","$1,750+ 2 bds","$1,750+ 2 bds",#VALUE!,,https://www.zillow.com/apartments/chicago-il/the-blackwood/5XjVRy/
"9300 S Bishop St Apartments, 9300 S Bishop St, Chicago, IL 60620","$1,300+/mo","$1,300","$1,300",,,,,,2 Bed,"$1,300",2 bds 1 ba 900 sqft,2 bds 1 ba 900 sqft,2 bds 1 ba 900 sqft,a 900 sq,900,https://www.zillow.com/apartments/chicago-il/9300-s-bishop-st-apartments/5Xh4fv/
"5536 Sheridan, 5536 N Sheridan Rd #505, Chicago, IL 60640","$1,413/mo","$1,413","$1,413",Studio,"$1,413",,,,,,Studio 1 ba 480 sqft, 1 ba 480 sqft,1 ba 480 sqft,a 480 sq,480,https://www.zillow.com/apartments/chicago-il/5536-sheridan/9S4Xwk/
"Circa 922 | 922 W Washington Blvd, Chicago, IL","$2,189+ Studio","$2,189","$2,189",Studio,"$2,189",1 Bed,"$2,515","$2,515",2 Bed,"$3,417","$2,515+ 1 bd$3,417+ 2 bds","$2,515+ 1 bd$3,417+ 2 bds","$2,515+ 1 bd$3,417+ 2 bds",#VALUE!,,https://www.zillow.com/apartments/chicago-il/circa-922/63D84S/
"6825 N. Sheridan Rd | 6825 N Sheridan Rd, Chicago, IL","$1,075+ Studio","$1,075","$1,075",Studio,"$1,075",1 Bed,"$1,250","$1,250",,,"$1,250+ 1 bd","$1,250+ 1 bd","$1,250+ 1 bd",#VALUE!,,https://www.zillow.com/apartments/chicago-il/6825-n.-sheridan-rd/5XcTP9/
"NEXT Apartments | 347 W Chestnut St, Chicago, IL","$2,066+ Studio","$2,066","$2,066",Studio,"$2,066",1 Bed,"$2,422","$2,422",2 Bed,"$3,287","$2,422+ 1 bd$3,287+ 2 bds$8,762+ 3 bds","$2,422+ 1 bd$3,287+ 2 bds$8,762+ 3 bds","$2,422+ 1 bd$3,287+ 2 bds$8,762+ 3 bds",#VALUE!,,https://www.zillow.com/apartments/chicago-il/next-apartments/65gycw/
"73 East Lake | 73 E Lake St, Chicago, IL","$2,771+ Studio","$2,771","$2,771",Studio,"$2,771",1 Bed,"$3,053","$3,053",2 Bed,"$3,951","$3,053+ 1 bd$3,951+ 2 bds","$3,053+ 1 bd$3,951+ 2 bds","$3,053+ 1 bd$3,951+ 2 bds",#VALUE!,,https://www.zillow.com/apartments/chicago-il/73-east-lake/5Xg9yq/
"73 East Lake | 73 E Lake St, Chicago, IL","$2,751+ Studio","$2,751","$2,751",Studio,"$2,751",1 Bed,"$2,993","$2,993",2 Bed,"$3,671","$2,993+ 1 bd$3,671+ 2 bds","$2,993+ 1 bd$3,671+ 2 bds","$2,993+ 1 bd$3,671+ 2 bds",#VALUE!,,https://www.zillow.com/b/73-east-lake-chicago-il-9jVbTQ/
"The Fleetwood, 6026 N Winthrop Ave APT 6A, Chicago, IL 60660","$1,595/mo","$1,595","$1,595",,,1 Bed,"$1,595","$1,595",,,1 bd 1 ba-- sqft,1 bd 1 ba-- sqft,1 bd 1 ba-- sqft, ba-- sq,,https://www.zillow.com/b/the-fleetwood-chicago-il-Cc5k69/
"The Fleetwood | 6026 N Winthrop Ave, Chicago, IL","$1,295+ Studio","$1,295","$1,295",Studio,"$1,295",,,,2 Bed,"$1,995","$1,995+ 2 bds","$1,995+ 2 bds","$1,995+ 2 bds",#VALUE!,,https://www.zillow.com/apartments/chicago-il/the-fleetwood/5XfKDr/
"426 W. Surf, 426 W Surf St, Chicago, IL 60657","$1,545+/mo","$1,545","$1,545",,,1 Bed,"$1,545","$1,545",,,1 bd 1 ba-- sqft,1 bd 1 ba-- sqft,1 bd 1 ba-- sqft, ba-- sq,,https://www.zillow.com/apartments/chicago-il/426-w.-surf/5XfTvR/
"2536 Sawyer LLC, 2536 N Sawyer Ave APT 409, Chicago, IL 60647","$1,350/mo","$1,350","$1,350",,,1 Bed,"$1,350","$1,350",,,1 bd 1 ba 532 sqft,1 bd 1 ba 532 sqft,1 bd 1 ba 532 sqft,a 532 sq,532,https://www.zillow.com/apartments/chicago-il/2536-sawyer-llc/9hJghC/
"2950 North Sheridan | 2950 N Sheridan Rd, Chicago, IL","$4,470+ 2 bds","$4,470","$4,470",,,,,,2 Bed,"$4,470","$5,708+ 3 bds","$5,708+ 3 bds","$5,708+ 3 bds",#VALUE!,,https://www.zillow.com/apartments/chicago-il/2950-north-sheridan/B677wB/
"318 W. Grand Ave., 318 W Grand Ave #204, Chicago, IL 60654","$3,552/mo","$3,552","$3,552",,,,,,2 Bed,"$3,552",2 bds 2 ba-- sqft,2 bds 2 ba-- sqft,2 bds 2 ba-- sqft, ba-- sq,,https://www.zillow.com/apartments/chicago-il/318-w.-grand-ave./CPK3/
"5222-38 S. Drexel Avenue | 5222 S Drexel Ave, Chicago, IL","$1,695+ 2 bds","$1,695","$1,695",,,,,,2 Bed,"$1,695","$1,950+ 3 bds","$1,950+ 3 bds","$1,950+ 3 bds",#VALUE!,,https://www.zillow.com/apartments/chicago-il/5222.dash.38-s.-drexel-avenue/5Xh7Gq/
"2779 Milwaukee LLC, 2779 N Milwaukee Ave #135, Chicago, IL 60647","$1,050/mo","$1,050","$1,050",Studio,"$1,050",,,,,,Studio 1 ba 400 sqft, 1 ba 400 sqft,1 ba 400 sqft,a 400 sq,400,https://www.zillow.com/apartments/chicago-il/2779-milwaukee-llc/CPkC/
"Buena Terrace - 4242 N Sheridan Rd | 4242 N Sheridan Rd, Chicago, IL","$1,299+ Studio","$1,299","$1,299",Studio,"$1,299",1 Bed,"$1,221","$1,221",,,"$1,221+ 1 bd","$1,221+ 1 bd","$1,221+ 1 bd",#VALUE!,,https://www.zillow.com/apartments/chicago-il/buena-terrace-.dash.-4242-n-sheridan-rd/5Xd76x/
"Imprint | 717 S Clark St, Chicago, IL","$2,065+ Studio","$2,065","$2,065",Studio,"$2,065",1 Bed,"$2,190","$2,190",2 Bed,"$3,250","$2,190+ 1 bd$3,250+ 2 bds$8,750+ 3 bds$8,415+ 4 bds","$2,190+ 1 bd$3,250+ 2 bds$8,750+ 3 bds$8,415+ 4 bds","$2,190+ 1 bd$3,250+ 2 bds$8,750+ 3 bds$8,415+ 4 bds",#VALUE!,,https://www.zillow.com/apartments/chicago-il/imprint/BNKLQF/
"Marlowe | 169 W Huron St, Chicago, IL","$2,195+ 1 bd","$2,195","$2,195",,,1 Bed,"$2,195","$2,195",2 Bed,"$3,893","$3,893+ 2 bds","$3,893+ 2 bds","$3,893+ 2 bds",#VALUE!,,https://www.zillow.com/apartments/chicago-il/marlowe/5ZJqpF/
"Pittsfield Apartments | 55 E Washington St, Chicago, IL","$2,295+ 2 bds","$2,295","$2,295",,,,,,2 Bed,"$2,295","$2,695+ 3 bds","$2,695+ 3 bds","$2,695+ 3 bds",#VALUE!,,https://www.zillow.com/apartments/chicago-il/pittsfield-apartments/9PsH/
"1572 N Milwaukee, 1572 N Milwaukee Ave, Chicago, IL 60622","$4,400+/mo","$4,400","$4,400",,,,,,,,4 bds 2 ba-- sqft,4 bds 2 ba-- sqft,4 bds 2 ba-- sqft, ba-- sq,,https://www.zillow.com/homedetails/1572-N-Milwaukee-Ave-07C6203E1-Chicago-IL-60622/2054616114_zpid/
"1572 N Milwaukee, 1572 N Milwaukee Ave, Chicago, IL 60622","$2,300+/mo","$2,300","$2,300",,,1 Bed,"$2,300","$2,300",,,1 bd 1 ba-- sqft,1 bd 1 ba-- sqft,1 bd 1 ba-- sqft, ba-- sq,,https://www.zillow.com/homedetails/1572-N-Milwaukee-Ave-CB284A51E-Chicago-IL-60622/2054616118_zpid/
"424 W. Diversey, 424 W Diversey Pkwy, Chicago, IL 60614","$1,255+/mo","$1,255","$1,255",Studio,"$1,255",,,,,,Studio 1 ba-- sqft, 1 ba-- sqft,1 ba-- sqft, ba-- sq,,https://www.zillow.com/apartments/chicago-il/424-w.-diversey/F8Bc/
"Lakeview 3200 Apartments | 3218 N Clark St, Chicago, IL","$2,249+ 1 bd","$2,249","$2,249",,,1 Bed,"$2,249","$2,249",,,,,,#VALUE!,,https://www.zillow.com/apartments/chicago-il/lakeview-3200-apartments/B7mT63/
"4731 N Western | 4731 N Western Ave, Chicago, IL","$1,795+ 1 bd","$1,795","$1,795",,,1 Bed,"$1,795","$1,795",2 Bed,"$2,395","$2,395+ 2 bds","$2,395+ 2 bds","$2,395+ 2 bds",#VALUE!,,https://www.zillow.com/apartments/chicago-il/4731-n-western/9zBq/
"742 W. Fullerton, 742 W Fullerton Ave, Chicago, IL 60614","$5,000+/mo","$5,000","$5,000",,,1 Bed,"$5,000","$5,000",,,1 bd 1 ba-- sqft,1 bd 1 ba-- sqft,1 bd 1 ba-- sqft, ba-- sq,,https://www.zillow.com/apartments/chicago-il/742-w.-fullerton/5XgfCF/
"839 Diversey, 839 W Diversey Pkwy, Chicago, IL 60614","$5,000+/mo","$5,000","$5,000",Studio,"$5,000",,,,,,Studio 1 ba-- sqft, 1 ba-- sqft,1 ba-- sqft, ba-- sq,,https://www.zillow.com/b/839-diversey-chicago-il-9dgM/
"5625 North Winthrop | 5625 N Winthrop Ave, Chicago, IL",$995,$995,$995,,,1 Bed,$995,$995,,,"$1,225+ 1 bd","$1,225+ 1 bd","$1,225+ 1 bd",#VALUE!,,https://www.zillow.com/apartments/chicago-il/5625-north-winthrop/5Xfb4v/
"Maynard At Elaine Place, 3444 N Elaine Pl, Chicago, IL 60657","$2,045/mo","$2,045","$2,045",,,,,,2 Bed,"$2,045",2 bds 1 ba 650 sqft,2 bds 1 ba 650 sqft,2 bds 1 ba 650 sqft,a 650 sq,650,https://www.zillow.com/homedetails/3444-N-Elaine-Pl-Chicago-IL-60657/2105648409_zpid/
"1049 West Oakdale | 1049 W Oakdale Ave, Chicago, IL","$1,174+ Studio","$1,174","$1,174",Studio,"$1,174",1 Bed,"$1,679","$1,679",,,"$1,679+ 1 bd","$1,679+ 1 bd","$1,679+ 1 bd",#VALUE!,,https://www.zillow.com/apartments/chicago-il/1049-west-oakdale/5Xcv83/
"The Legacy HB at Clarendon Park | 4520 N Clarendon Ave, Chicago, IL","$1,600+ 1 bd","$1,600","$1,600",,,1 Bed,"$1,600","$1,600",2 Bed,"$2,200","$2,200+ 2 bds","$2,200+ 2 bds","$2,200+ 2 bds",#VALUE!,,https://www.zillow.com/apartments/chicago-il/the-legacy-hb-at-clarendon-park/5Xh8BS/
"711 West Belmont, 711 W Belmont Ave, Chicago, IL 60657","$1,095+/mo","$1,095","$1,095",Studio,"$1,095",,,,,,Studio 1 ba-- sqft, 1 ba-- sqft,1 ba-- sqft, ba-- sq,,https://www.zillow.com/apartments/chicago-il/711-west-belmont/Dbsv/
"7333 Ridge, 7333 N Ridge Blvd APT 509, Chicago, IL 60645","$1,295/mo","$1,295","$1,295",,,1 Bed,"$1,295","$1,295",,,1 bd 1 ba-- sqft,1 bd 1 ba-- sqft,1 bd 1 ba-- sqft, ba-- sq,,https://www.zillow.com/apartments/chicago-il/7333-ridge/5XgqcL/
"660 West Wrightwood, 660 W Wrightwood Ave, Chicago, IL 60614","$1,695+/mo","$1,695","$1,695",,,1 Bed,"$1,695","$1,695",,,1 bd 1 ba-- sqft,1 bd 1 ba-- sqft,1 bd 1 ba-- sqft, ba-- sq,,https://www.zillow.com/apartments/chicago-il/660-west-wrightwood/5Xg2J4/
"Marshfield Apartments, 3413-21 N Marshfield Ave #34193E, Chicago, IL 60657","$1,525/mo","$1,525","$1,525",,,1 Bed,"$1,525","$1,525",,,1 bd 1 ba 600 sqft,1 bd 1 ba 600 sqft,1 bd 1 ba 600 sqft,a 600 sq,600,https://www.zillow.com/apartments/chicago-il/marshfield-apartments/9hG4D3/
"The Western | 1920 N Milwaukee Ave, Chicago, IL","$3,200+ 2 bds","$3,200","$3,200",,,,,,2 Bed,"$3,200",,,,#VALUE!,,https://www.zillow.com/apartments/chicago-il/the-western/9S5M2Q/
"5137 N Broadway, 5137 N Broadway St #202, Chicago, IL 60640","$2,550/mo","$2,550","$2,550",,,,,,2 Bed,"$2,550",2 bds 2 ba-- sqft,2 bds 2 ba-- sqft,2 bds 2 ba-- sqft, ba-- sq,,https://www.zillow.com/apartments/chicago-il/5137-n-broadway/9S4VwS/
"The Sheridan Pratt | 6758 N Sheridan Rd, Chicago, IL","$1,275+ Studio","$1,275","$1,275",Studio,"$1,275",1 Bed,"$1,525","$1,525",2 Bed,"$1,775","$1,525+ 1 bd$1,775+ 2 bds","$1,525+ 1 bd$1,775+ 2 bds","$1,525+ 1 bd$1,775+ 2 bds",#VALUE!,,https://www.zillow.com/apartments/chicago-il/the-sheridan-pratt/5XjBTP/
"Monark | 4410 N Clark St, Chicago, IL","$2,395+ 2 bds","$2,395","$2,395",,,,,,2 Bed,"$2,395","$2,940+ 3 bds","$2,940+ 3 bds","$2,940+ 3 bds",#VALUE!,,https://www.zillow.com/apartments/chicago-il/monark/9S4RB6/
"Drexel Grand | 5220 S Drexel Ave, Chicago, IL","$1,150+ Studio","$1,150","$1,150",Studio,"$1,150",1 Bed,"$1,435","$1,435",2 Bed,"$1,495","$1,435+ 1 bd$1,495+ 2 bds","$1,435+ 1 bd$1,495+ 2 bds","$1,435+ 1 bd$1,495+ 2 bds",#VALUE!,,https://www.zillow.com/apartments/chicago-il/drexel-grand/5XhXYY/
"The Onyx on Carmen | 915 W Carmen Ave, Chicago, IL",$963,$963,$963,,,1 Bed,$963,$963,,,"$1,625+ 1 bd","$1,625+ 1 bd","$1,625+ 1 bd",#VALUE!,,https://www.zillow.com/apartments/chicago-il/the-onyx-on-carmen/5XdVrc/
"1040 Hollywood | 1040 W Hollywood Ave, Chicago, IL","$1,095+ Studio","$1,095","$1,095",Studio,"$1,095",1 Bed,"$1,225","$1,225",,,"$1,225+ 1 bd","$1,225+ 1 bd","$1,225+ 1 bd",#VALUE!,,https://www.zillow.com/apartments/chicago-il/1040-hollywood/9WNX/
"The Elevation Lofts | 1531 W Howard St, Chicago, IL","$1,550+ Studio","$1,550","$1,550",Studio,"$1,550",,,,2 Bed,"$2,200","$2,200+ 2 bds$3,200+ 3 bds","$2,200+ 2 bds$3,200+ 3 bds","$2,200+ 2 bds$3,200+ 3 bds",#VALUE!,,https://www.zillow.com/apartments/chicago-il/the-elevation-lofts/BMwvfR/
"One Six Six | 166 N Aberdeen St, Chicago, IL","$2,140+ Studio","$2,140","$2,140",Studio,"$2,140",1 Bed,"$2,826","$2,826",2 Bed,"$3,915","$2,826+ 1 bd$3,915+ 2 bds$8,735+ 3 bds","$2,826+ 1 bd$3,915+ 2 bds$8,735+ 3 bds","$2,826+ 1 bd$3,915+ 2 bds$8,735+ 3 bds",#VALUE!,,https://www.zillow.com/apartments/chicago-il/one-six-six/9Rx6Tz/
"7526-36 S Colfax Ave, 7526-36 S Colfax Ave #36-2B, Chicago, IL 60649","$1,195/mo","$1,195","$1,195",,,,,,2 Bed,"$1,195",2 bds 1 ba 965 sqft,2 bds 1 ba 965 sqft,2 bds 1 ba 965 sqft,a 965 sq,965,https://www.zillow.com/apartments/chicago-il/7526.dash.36-s-colfax-ave/9n6tZS/
"Common McCormick | 2401 S State St, Chicago, IL","$1,006+ 4 bds","$1,006","$1,006",,,,,,,,,,,#VALUE!,,https://www.zillow.com/apartments/chicago-il/common-mccormick/9RyvjY/
"Two West | 2 W Delaware Pl, Chicago, IL","$3,405+ 1 bd","$3,405","$3,405",,,1 Bed,"$3,405","$3,405",2 Bed,"$4,475","$4,475+ 2 bds$7,125+ 3 bds","$4,475+ 2 bds$7,125+ 3 bds","$4,475+ 2 bds$7,125+ 3 bds",#VALUE!,,https://www.zillow.com/apartments/chicago-il/two-west/5XjYhw/
"4500 N Winchester, 4500 N Winchester Ave, Chicago, IL 60640","$1,650+/mo","$1,650","$1,650",,,,,,2 Bed,"$1,650","2 bds 1 ba 1,050 sqft","2 bds 1 ba 1,050 sqft","2 bds 1 ba 1,050 sqft","1,050 sq","1,050",https://www.zillow.com/apartments/chicago-il/4500-n-winchester/5XgMGx/
"Arrive South Loop | 1935 S Wabash Ave, Chicago, IL","$1,900+ 1 bd","$1,900","$1,900",,,1 Bed,"$1,900","$1,900",2 Bed,"$2,265","$2,265+ 2 bds","$2,265+ 2 bds","$2,265+ 2 bds",#VALUE!,,https://www.zillow.com/apartments/chicago-il/arrive-south-loop/5Xfzqt/
"5401-5403 S. Woodlawn Avenue | 5401-5403 S Woodlawn Ave, Chicago, IL","$2,000+ 3 bds","$2,000","$2,000",,,,,,,,,,,#VALUE!,,https://www.zillow.com/apartments/chicago-il/5401.dash.5403-s.-woodlawn-avenue/5Xgfp9/
"The Morse Wolcott | 1902 W Morse Ave, Chicago, IL","$1,900+ 2 bds","$1,900","$1,900",,,,,,2 Bed,"$1,900","$2,200+ 3 bds","$2,200+ 3 bds","$2,200+ 3 bds",#VALUE!,,https://www.zillow.com/apartments/chicago-il/the-morse-wolcott/5XjGhj/
"5325 S. Hyde Park Boulevard, 5325 S Hyde Park Blvd #B1, Chicago, IL 60615","$1,700/mo","$1,700","$1,700",,,1 Bed,"$1,700","$1,700",,,1 bd 1 ba 835 sqft,1 bd 1 ba 835 sqft,1 bd 1 ba 835 sqft,a 835 sq,835,https://www.zillow.com/apartments/chicago-il/5325-s.-hyde-park-boulevard/5XfhNP/
"813-31 West Waveland | 813 W Waveland Ave, Chicago, IL","$1,550+ 1 bd","$1,550","$1,550",,,1 Bed,"$1,550","$1,550",2 Bed,"$1,995","$1,995+ 2 bds","$1,995+ 2 bds","$1,995+ 2 bds",#VALUE!,,https://www.zillow.com/apartments/chicago-il/813.dash.31-west-waveland/5XcvKg/
"4101-13 N. Kedzie / 3148-56 W. Belle Plaine | 4101 N Kedzie Ave, Chicago, IL","$1,275+ 1 bd","$1,275","$1,275",,,1 Bed,"$1,275","$1,275",,,,,,#VALUE!,,https://www.zillow.com/apartments/chicago-il/4101.dash.13-n.-kedzie-3148.dash.56-w.-belle-plaine/F4tQ/
"632 West Addison, 632 W Addison St, Chicago, IL 60613","$1,560+/mo","$1,560","$1,560",,,1 Bed,"$1,560","$1,560",,,1 bd 1 ba 600 sqft,1 bd 1 ba 600 sqft,1 bd 1 ba 600 sqft,a 600 sq,600,https://www.zillow.com/apartments/chicago-il/632-west-addison/5XcZFX/
"MODE Logan Square | 1950 N Campbell Ave, Chicago, IL","$1,694+ Studio","$1,694","$1,694",Studio,"$1,694",,,,2 Bed,"$4,460","$4,460+ 2 bds","$4,460+ 2 bds","$4,460+ 2 bds",#VALUE!,,https://www.zillow.com/apartments/chicago-il/mode-logan-square/B63kkD/
"5300-5308 S. Greenwood Avenue, 5300-5308 S Greenwood Ave #5308-3, Chicago, IL 60615","$2,000/mo","$2,000","$2,000",,,,,,,,"3 bds 1 ba 1,145 sqft","3 bds 1 ba 1,145 sqft","3 bds 1 ba 1,145 sqft","1,145 sq","1,145",https://www.zillow.com/apartments/chicago-il/5300.dash.5308-s.-greenwood-avenue/9ggJFY/
"2051 N. Sedgwick, 2051 N Sedgwick St, Chicago, IL 60614","$1,225+/mo","$1,225","$1,225",Studio,"$1,225",,,,,,Studio 1 ba-- sqft, 1 ba-- sqft,1 ba-- sqft, ba-- sq,,https://www.zillow.com/apartments/chicago-il/2051-n.-sedgwick/5XgmmT/
"2244 N. Cleveland, 2244 N Cleveland Ave, Chicago, IL 60614","$1,195+/mo","$1,195","$1,195",Studio,"$1,195",,,,,,Studio 1 ba-- sqft, 1 ba-- sqft,1 ba-- sqft, ba-- sq,,https://www.zillow.com/apartments/chicago-il/2244-n.-cleveland/5XjCcf/
"Eleven40 | 1140 S Wabash Ave, Chicago, IL","$1,615+ Studio","$1,615","$1,615",Studio,"$1,615",1 Bed,"$1,891","$1,891",2 Bed,"$3,127","$1,891+ 1 bd$3,127+ 2 bds","$1,891+ 1 bd$3,127+ 2 bds","$1,891+ 1 bd$3,127+ 2 bds",#VALUE!,,https://www.zillow.com/apartments/chicago-il/eleven40/9Rwpvh/
"Motley School Apartments, 739 N Ada St #739-202, Chicago, IL 60642","$4,200/mo","$4,200","$4,200",,,,,,2 Bed,"$4,200","2 bds 3 ba 1,255 sqft","2 bds 3 ba 1,255 sqft","2 bds 3 ba 1,255 sqft","1,255 sq","1,255",https://www.zillow.com/apartments/chicago-il/motley-school-apartments/9S4nYk/
"5512 S. Hyde Park Boulevard, 5512 S Hyde Park Blvd, Chicago, IL 60637","$3,300+/mo","$3,300","$3,300",,,,,,,,"4 bds 2 ba 1,810 sqft","4 bds 2 ba 1,810 sqft","4 bds 2 ba 1,810 sqft","1,810 sq","1,810",https://www.zillow.com/apartments/chicago-il/5512-s.-hyde-park-boulevard/CTmG/
"1623 W Belmont | 1623 W Belmont Ave, Chicago, IL","$1,495+ 1 bd","$1,495","$1,495",,,1 Bed,"$1,495","$1,495",,,,,,#VALUE!,,https://www.zillow.com/apartments/chicago-il/1623-w-belmont/9zHk/
"596 West Hawthorne, 596 W Hawthorne Pl, Chicago, IL 60657","$1,289+/mo","$1,289","$1,289",Studio,"$1,289",,,,,,Studio 1 ba-- sqft, 1 ba-- sqft,1 ba-- sqft, ba-- sq,,https://www.zillow.com/apartments/chicago-il/596-west-hawthorne/5Xj9yk/
"Cleveland Apartments, 2048 N Cleveland Ave #209, Chicago, IL 60614","$1,295/mo","$1,295","$1,295",Studio,"$1,295",,,,,,Studio 1 ba 325 sqft, 1 ba 325 sqft,1 ba 325 sqft,a 325 sq,325,https://www.zillow.com/apartments/chicago-il/cleveland-apartments/5XfWC2/
"Solstice on the Park | 1616 E 56th St, Chicago, IL","$2,700+ 1 bd","$2,700","$2,700",,,1 Bed,"$2,700","$2,700",2 Bed,"$3,500","$3,500+ 2 bds$5,200+ 3 bds","$3,500+ 2 bds$5,200+ 3 bds","$3,500+ 2 bds$5,200+ 3 bds",#VALUE!,,https://www.zillow.com/apartments/chicago-il/solstice-on-the-park/9ht9g2/
"The June | 5155 N Broadway St, Chicago, IL","$1,290+ Studio","$1,290","$1,290",Studio,"$1,290",1 Bed,"$1,825","$1,825",,,"$1,825+ 1 bd","$1,825+ 1 bd","$1,825+ 1 bd",#VALUE!,,https://www.zillow.com/apartments/chicago-il/the-june/CSCK/
"5128-5132 S. Cornell Avenue, 5128-5132 S Cornell Ave #5132-3, Chicago, IL 60615","$1,695/mo","$1,695","$1,695",,,,,,2 Bed,"$1,695","2 bds 1 ba 1,083 sqft","2 bds 1 ba 1,083 sqft","2 bds 1 ba 1,083 sqft","1,083 sq","1,083",https://www.zillow.com/apartments/chicago-il/5128.dash.5132-s.-cornell-avenue/9ggKFv/
"5326-5336 S. Greenwood Avenue | 5326-5336 S Greenwood Ave, Chicago, IL","$1,900+ 2 bds","$1,900","$1,900",,,,,,2 Bed,"$1,900",,,,#VALUE!,,https://www.zillow.com/apartments/chicago-il/5326.dash.5336-s.-greenwood-avenue/9ggKHg/
"Woodlawn Court, 5218 S Woodlawn Ave #28-3W, Chicago, IL 60615","$1,870/mo","$1,870","$1,870",,,,,,2 Bed,"$1,870",2 bds 1 ba 800 sqft,2 bds 1 ba 800 sqft,2 bds 1 ba 800 sqft,a 800 sq,800,https://www.zillow.com/apartments/chicago-il/woodlawn-court/5XkrfF/
"Atrium West | 5908-5920 W 55th St, Chicago, IL","$1,300+ 2 bds","$1,300","$1,300",,,,,,2 Bed,"$1,300",,,,#VALUE!,,https://www.zillow.com/apartments/chicago-il/atrium-west/BFLQwK/
"148 N La Crosse Ave, 148 N La Crosse Ave #4834-2, Chicago, IL 60644","$1,280/mo","$1,280","$1,280",,,,,,2 Bed,"$1,280",2 bds 1 ba 710 sqft,2 bds 1 ba 710 sqft,2 bds 1 ba 710 sqft,a 710 sq,710,https://www.zillow.com/apartments/chicago-il/148-n-la-crosse-ave/5XhF7c/
"Sheridan Terrace - 6725 N Sheridan Rd, 6725 N Sheridan Rd, Chicago, IL 60626","$1,200+/mo","$1,200","$1,200",,,1 Bed,"$1,200","$1,200",,,1 bd 1 ba 720 sqft,1 bd 1 ba 720 sqft,1 bd 1 ba 720 sqft,a 720 sq,720,https://www.zillow.com/apartments/chicago-il/sheridan-terrace-.dash.-6725-n-sheridan-rd/5Xfcjm/
"7236 S Yates Blvd, 7236 S Yates Blvd, Chicago, IL 60649","$1,220+/mo","$1,220","$1,220",,,,,,,,"3 bds 1 ba 1,091 sqft","3 bds 1 ba 1,091 sqft","3 bds 1 ba 1,091 sqft","1,091 sq","1,091",https://www.zillow.com/apartments/chicago-il/7236-s-yates-blvd/9S5Yx7/
"Cityfront Place | 400 N McClurg Ct, Chicago, IL","$2,000+ Studio","$2,000","$2,000",Studio,"$2,000",1 Bed,"$2,124","$2,124",2 Bed,"$3,486","$2,124+ 1 bd$3,486+ 2 bds","$2,124+ 1 bd$3,486+ 2 bds","$2,124+ 1 bd$3,486+ 2 bds",#VALUE!,,https://www.zillow.com/apartments/chicago-il/cityfront-place/5XhfWf/
"7317 S Chappel | 7317 S Chappel Ave, Chicago, IL",$945+ 1 bd,$945+ ,$945 ,,,1 Bed,$945 ,$945 ,,,,,,#VALUE!,,https://www.zillow.com/apartments/chicago-il/7317-s-chappel/5Xh4TD/
"6400 S Rockwell St, 6400 S Rockwell St, Chicago, IL 60629","$1,065+/mo","$1,065","$1,065",,,,,,2 Bed,"$1,065",2 bds 1 ba 915 sqft,2 bds 1 ba 915 sqft,2 bds 1 ba 915 sqft,a 915 sq,915,https://www.zillow.com/apartments/chicago-il/6400-s-rockwell-st/5XhRGC/
"6923-25 S Indiana Ave | 6923 S Indiana Ave, Chicago, IL","$1,020+ 2 bds","$1,020","$1,020",,,,,,2 Bed,"$1,020",,,,#VALUE!,,https://www.zillow.com/apartments/chicago-il/6923.dash.25-s-indiana-ave/5XkkqV/
"7102 S Luella, 7102 S Luella Ave APT 204, Chicago, IL 60649",$725/mo,$725/m,$725,Studio,$725,,,,,,Studio 1 ba 400 sqft, 1 ba 400 sqft,1 ba 400 sqft,a 400 sq,400,https://www.zillow.com/apartments/chicago-il/7102-s-luella/5XjCwQ/
"2143 N Damen, 2143-45 N Damen Ave #201, Chicago, IL 60647","$3,400/mo","$3,400","$3,400",,,,,,,,"3 bds 2 ba 1,600 sqft","3 bds 2 ba 1,600 sqft","3 bds 2 ba 1,600 sqft","1,600 sq","1,600",https://www.zillow.com/apartments/chicago-il/2143-n-damen/BrQZVd/
"1351 W. Touhy Ave., 1351 W Touhy Ave #1355-3N, Chicago, IL 60626","$1,500/mo","$1,500","$1,500",,,,,,2 Bed,"$1,500",2 bds 1 ba 700 sqft,2 bds 1 ba 700 sqft,2 bds 1 ba 700 sqft,a 700 sq,700,https://www.zillow.com/apartments/chicago-il/1351-w.-touhy-ave./5XcKvZ/
"8251 S Ellis Ave | 8251 S Ellis Ave, Chicago, IL",$815+ 1 bd,$815+ ,$815 ,,,1 Bed,$815 ,$815 ,,,,,,#VALUE!,,https://www.zillow.com/apartments/chicago-il/8251-s-ellis-ave/CRzQ/
"8001-09 S Ellis Ave, 8001-09 S Ellis Ave #8005-2B, Chicago, IL 60619",$680/mo,$680/m,$680,Studio,$680,,,,,,Studio 1 ba 450 sqft, 1 ba 450 sqft,1 ba 450 sqft,a 450 sq,450,https://www.zillow.com/apartments/chicago-il/8001.dash.09-s-ellis-ave/9h8BwF/
"4815 W Monroe St, 4815 W Monroe St #4823-3W, Chicago, IL 60644","$1,070/mo","$1,070","$1,070",,,1 Bed,"$1,070","$1,070",,,1 bd 1 ba 700 sqft,1 bd 1 ba 700 sqft,1 bd 1 ba 700 sqft,a 700 sq,700,https://www.zillow.com/apartments/chicago-il/4815-w-monroe-st/9S54Q4/
"1832-1842 North Humboldt Blvd | 1842 N Humboldt Blvd, Chicago, IL","$1,495+ 1 bd","$1,495","$1,495",,,1 Bed,"$1,495","$1,495",,,,,,#VALUE!,,https://www.zillow.com/apartments/chicago-il/1832.dash.1842-north-humboldt-blvd/CJTm/
"7240 S Yates Blvd, 7240 S Yates Blvd #7242-1, Chicago, IL 60649","$1,320/mo","$1,320","$1,320",,,,,,,,"3 bds 1 ba 1,050 sqft","3 bds 1 ba 1,050 sqft","3 bds 1 ba 1,050 sqft","1,050 sq","1,050",https://www.zillow.com/apartments/chicago-il/7240-s-yates-blvd/5XfcsR/
"2710 E 83rd Street | 2710 E 83rd St, Chicago, IL",$860+ 1 bd,$860+ ,$860 ,,,1 Bed,$860 ,$860 ,,,,,,#VALUE!,,https://www.zillow.com/apartments/chicago-il/2710-e-83rd-street/9hJxZ5/
"7944 S Paulina | 7944 S Paulina St, Chicago, IL",$805+ 1 bd,$805+ ,$805 ,,,1 Bed,$805 ,$805 ,,,,,,#VALUE!,,https://www.zillow.com/apartments/chicago-il/7944-s-paulina/5XgTFP/
"7956 S Aberdeen St, 7956 S Aberdeen St #1110-2, Chicago, IL 60620","$1,065/mo","$1,065","$1,065",,,,,,2 Bed,"$1,065",2 bds 1 ba 851 sqft,2 bds 1 ba 851 sqft,2 bds 1 ba 851 sqft,a 851 sq,851,https://www.zillow.com/apartments/chicago-il/7956-s-aberdeen-st/BVZ9/
"5415 S. Woodlawn Avenue | 5415 S Woodlawn Ave, Chicago, IL","$1,495+ 1 bd","$1,495","$1,495",,,1 Bed,"$1,495","$1,495",2 Bed,"$1,650","$1,650+ 2 bds","$1,650+ 2 bds","$1,650+ 2 bds",#VALUE!,,https://www.zillow.com/apartments/chicago-il/5415-s.-woodlawn-avenue/5XrRnP/
"109 N Laramie Ave | 109 N Laramie Ave, Chicago, IL","$1,115+ 2 bds","$1,115","$1,115",,,,,,2 Bed,"$1,115",,,,#VALUE!,,https://www.zillow.com/apartments/chicago-il/109-n-laramie-ave/9S52bB/
"7917-27 S Drexel Ave, 7917 S Drexel Ave #7919-1C, Chicago, IL 60619",$795/mo,$795/m,$795,,,1 Bed,$795,$795,,,1 bd 1 ba 575 sqft,1 bd 1 ba 575 sqft,1 bd 1 ba 575 sqft,a 575 sq,575,https://www.zillow.com/apartments/chicago-il/7917.dash.27-s-drexel-ave/5XjXWC/
"7801 S Saginaw, 7801 S Saginaw Ave APT 3, Chicago, IL 60649",$975/mo,$975/m,$975,,,,,,2 Bed,$975,2 bds 1 ba 650 sqft,2 bds 1 ba 650 sqft,2 bds 1 ba 650 sqft,a 650 sq,650,https://www.zillow.com/apartments/chicago-il/7801-s-saginaw/5XgF9H/
"The Chatelaine, 215 E Chestnut St #2152104, Chicago, IL 60611","$2,230/mo","$2,230","$2,230",,,1 Bed,"$2,230","$2,230",,,1 bd 1 ba 725 sqft,1 bd 1 ba 725 sqft,1 bd 1 ba 725 sqft,a 725 sq,725,https://www.zillow.com/apartments/chicago-il/the-chatelaine/5XfWLf/
"10719 S Calumet Ave, 10719 S Calumet Ave #3S, Chicago, IL 60628","$1,195/mo","$1,195","$1,195",,,,,,2 Bed,"$1,195",2 bds 1 ba 922 sqft,2 bds 1 ba 922 sqft,2 bds 1 ba 922 sqft,a 922 sq,922,https://www.zillow.com/apartments/chicago-il/10719-s-calumet-ave/9S2hyr/
"7263 S Coles, 7263 S Coles Ave #2610-2, Chicago, IL 60649","$1,095/mo","$1,095","$1,095",,,,,,2 Bed,"$1,095",2 bds 1 ba 875 sqft,2 bds 1 ba 875 sqft,2 bds 1 ba 875 sqft,a 875 sq,875,https://www.zillow.com/apartments/chicago-il/7263-s-coles/DHHF/
"The Morse Lakewood | 6929 N Lakewood Ave, Chicago, IL","$1,900+ 2 bds","$1,900","$1,900",,,,,,2 Bed,"$1,900",,,,#VALUE!,,https://www.zillow.com/apartments/chicago-il/the-morse-lakewood/CTHq/
"6715 S Dorchester, 6715 S Dorchester Ave #1400-3, Chicago, IL 60637","$1,190/mo","$1,190","$1,190",,,,,,2 Bed,"$1,190",2 bds 1 ba 804 sqft,2 bds 1 ba 804 sqft,2 bds 1 ba 804 sqft,a 804 sq,804,https://www.zillow.com/apartments/chicago-il/6715-s-dorchester/9S42xz/
"2235 E 71st St | 2235 E 71st St, Chicago, IL",$665+ Studio,$665+ ,$665 ,Studio,$665 ,,,,,,,,,#VALUE!,,https://www.zillow.com/apartments/chicago-il/2235-e-71st-st/9S5Wft/
"511 West Melrose, 511 W Melrose St, Chicago, IL 60657","$1,425+/mo","$1,425","$1,425",,,1 Bed,"$1,425","$1,425",,,1 bd 1 ba-- sqft,1 bd 1 ba-- sqft,1 bd 1 ba-- sqft, ba-- sq,,https://www.zillow.com/apartments/chicago-il/511-west-melrose/BBMQ/
"7701 S Stewart Ave | 7701 S Stewart Ave, Chicago, IL",$820+ 1 bd,$820+ ,$820 ,,,1 Bed,$820 ,$820 ,,,,,,#VALUE!,,https://www.zillow.com/apartments/chicago-il/7701-s-stewart-ave/9RzhK9/
"5800 W Iowa St, 5800 W Iowa St #9081, Chicago, IL 60651","$1,050/mo","$1,050","$1,050",,,1 Bed,"$1,050","$1,050",,,1 bd 1 ba 550 sqft,1 bd 1 ba 550 sqft,1 bd 1 ba 550 sqft,a 550 sq,550,https://www.zillow.com/apartments/chicago-il/5800-w-iowa-st/5XjGNt/
"8001 S Marshfield Ave, 8001 S Marshfield Ave #1621-1, Chicago, IL 60620",$875/mo,$875/m,$875,,,1 Bed,$875,$875,,,1 bd 1 ba 600 sqft,1 bd 1 ba 600 sqft,1 bd 1 ba 600 sqft,a 600 sq,600,https://www.zillow.com/apartments/chicago-il/8001-s-marshfield-ave/5Xdks2/
"6751 S Jeffery Blvd | 6751 S Jeffery Blvd, Chicago, IL",$835+ Studio,$835+ ,$835 ,Studio,$835 ,1 Bed,$925+ ,$925 ,,,$925+ 1 bd,$925+ 1 bd,$925+ 1 bd,#VALUE!,,https://www.zillow.com/apartments/chicago-il/6751-s-jeffery-blvd/5Xct8b/
"418-24 S Laramie Ave | 418 S Laramie Ave, Chicago, IL","$1,005+ 1 bd","$1,005","$1,005",,,1 Bed,"$1,005","$1,005",2 Bed,"$1,080","$1,080+ 2 bds","$1,080+ 2 bds","$1,080+ 2 bds",#VALUE!,,https://www.zillow.com/apartments/chicago-il/418.dash.24-s-laramie-ave/Dhg2/
"Broadway / Belmont, 604 Belmont Broadway #3200-6-320, Chicago, IL 60657","$1,495/mo","$1,495","$1,495",,,1 Bed,"$1,495","$1,495",,,1 bd 1 ba 550 sqft,1 bd 1 ba 550 sqft,1 bd 1 ba 550 sqft,a 550 sq,550,https://www.zillow.com/b/604-belmont-broadway-chicago-il-C4NCFR/
"8152 S Evans, 8152 S Evans Ave #714-1A, Chicago, IL 60619",$755/mo,$755/m,$755,Studio,$755,,,,,,Studio 1 ba 450 sqft, 1 ba 450 sqft,1 ba 450 sqft,a 450 sq,450,https://www.zillow.com/apartments/chicago-il/8152-s-evans/5Xt8zV/
"7953-59 S Dobson Ave | 7953 S Dobson Ave, Chicago, IL",$745+ Studio,$745+ ,$745 ,Studio,$745 ,1 Bed,$915+ ,$915 ,,,$915+ 1 bd,$915+ 1 bd,$915+ 1 bd,#VALUE!,,https://www.zillow.com/apartments/chicago-il/7953.dash.59-s-dobson-ave/5XjXWD/
"8640 S Ingleside Ave, 8640 S Ingleside Ave #2F, Chicago, IL 60619",$955/mo,$955/m,$955,,,,,,2 Bed,$955,2 bds 1 ba 550 sqft,2 bds 1 ba 550 sqft,2 bds 1 ba 550 sqft,a 550 sq,550,https://www.zillow.com/apartments/chicago-il/8640-s-ingleside-ave/9RzcXj/
"536 West Arlington | 536 W Arlington Pl, Chicago, IL","$1,195+ Studio","$1,195","$1,195",Studio,"$1,195",1 Bed,"$1,550","$1,550",2 Bed,"$3,050","$1,550+ 1 bd$3,050+ 2 bds","$1,550+ 1 bd$3,050+ 2 bds","$1,550+ 1 bd$3,050+ 2 bds",#VALUE!,,https://www.zillow.com/apartments/chicago-il/536-west-arlington/5XgB2t/
"1632 W. Belmont, 1632 W Belmont Ave, Chicago, IL 60657",$965/mo,$965/m,$965,Studio,$965,,,,,,Studio 1 ba-- sqft, 1 ba-- sqft,1 ba-- sqft, ba-- sq,,https://www.zillow.com/apartments/chicago-il/1632-w.-belmont/9Sy3/
"1734 W 87th St, 1734 W 87th St #8658-B, Chicago, IL 60620","$1,480/mo","$1,480","$1,480",,,,,,,,"4 bds 1.5 ba 1,400 sqft","4 bds 1.5 ba 1,400 sqft","4 bds 1.5 ba 1,400 sqft","1,400 sq","1,400",https://www.zillow.com/apartments/chicago-il/1734-w-87th-st/5Xs44f/
"722 S Racine, 722 S Racine Ave #3, Chicago, IL 60607","$1,800/mo","$1,800","$1,800",,,,,,2 Bed,"$1,800",2 bds 1 ba 800 sqft,2 bds 1 ba 800 sqft,2 bds 1 ba 800 sqft,a 800 sq,800,https://www.zillow.com/apartments/chicago-il/722-s-racine/Dm2n/
"4735 Beacon | 4735 N Beacon St, Chicago, IL",$950+ Studio,$950+ ,$950 ,Studio,$950 ,,,,,,,,,#VALUE!,,https://www.zillow.com/apartments/chicago-il/4735-beacon/CTxf/
"6210-16 S. Dorchester Ave. | 6210 S Dorchester Ave, Chicago, IL","$1,295+ 2 bds","$1,295","$1,295",,,,,,2 Bed,"$1,295","$1,395+ 3 bds","$1,395+ 3 bds","$1,395+ 3 bds",#VALUE!,,https://www.zillow.com/apartments/chicago-il/6210.dash.16-s.-dorchester-ave./5Xgf43/
"Carriage House Lofts | 1545 S State St, Chicago, IL","$2,698+ 2 bds","$2,698","$2,698",,,,,,2 Bed,"$2,698","$3,450+ 3 bds","$3,450+ 3 bds","$3,450+ 3 bds",#VALUE!,,https://www.zillow.com/apartments/chicago-il/carriage-house-lofts/5XgvLz/
"7539-53 N. Bell Ave., 7539 N Bell Ave #7549-1C, Chicago, IL 60645","$1,475/mo","$1,475","$1,475",,,,,,2 Bed,"$1,475",2 bds 1 ba 950 sqft,2 bds 1 ba 950 sqft,2 bds 1 ba 950 sqft,a 950 sq,950,https://www.zillow.com/b/7539-53-n.-bell-ave.-chicago-il-F73V/
"Park Fullerton by Reside | 325 W Fullerton Pkwy, Chicago, IL","$2,890+ 1 bd","$2,890","$2,890",,,1 Bed,"$2,890","$2,890",2 Bed,"$3,900","$3,900+ 2 bds$11,975+ 3 bds","$3,900+ 2 bds$11,975+ 3 bds","$3,900+ 2 bds$11,975+ 3 bds",#VALUE!,,https://www.zillow.com/apartments/chicago-il/park-fullerton-by-reside/5Xh3Cq/
"5800 N Sheridan | 5800 N Sheridan Rd, Chicago, IL","$1,200+ Studio","$1,200","$1,200",Studio,"$1,200",1 Bed,"$1,495","$1,495",2 Bed,"$1,995","$1,495+ 1 bd$1,995+ 2 bds","$1,495+ 1 bd$1,995+ 2 bds","$1,495+ 1 bd$1,995+ 2 bds",#VALUE!,,https://www.zillow.com/apartments/chicago-il/5800-n-sheridan/5Xnc8C/
"1022 W. Dakin, 1022 W Dakin St, Chicago, IL 60613","$5,000+/mo","$5,000","$5,000",,,1 Bed,"$5,000","$5,000",,,1 bd 1 ba-- sqft,1 bd 1 ba-- sqft,1 bd 1 ba-- sqft, ba-- sq,,https://www.zillow.com/b/1022-w.-dakin-chicago-il-5XhPff/
"4363 N Kenmore Apartments | 4363 N Kenmore Ave, Chicago, IL",$925+ Studio,$925+ ,$925 ,Studio,$925 ,,,,,,,,,,,https://www.zillow.com/apartments/chicago-il/4363-n-kenmore-apartments/9RyN2w/
,,,,"
",,,,,,,,,,,,
,,,,"
",,,,,,,,,,,,